0,423
0,420
0,419
0,418
0,410
0,404
0,403
0,398
0,397
0,417
0,416
0,389
0,388
0,387
21,1
21,3
0,386
0,385
0,384
0,1
0,304
37,3
37,2
0,371
37,1
37,0
0,7
0,370
30,3
0,377
0,411
0,378
0,300
0,299
0,298
0,297
0,296
0,295
0,294
0,293
0,292
0,291
0,290
0,289
0,288
0,287
0,286
0,285
0,284
0,283
0,282
0,281
0,280
0,279
0,278
0,277
0,276
0,275
0,274
0,273
0,272
0,271
0,270
0,269
0,268
0,267
0,266
0,265
0,264
0,263
0,262
0,261
0,260
0,259
0,258
0,257
0,256
0,255
0,254
0,253
0,252
0,251
0,250
0,249
0,248
0,247
0,245
0,244
0,242
0,241
0,240
0,239
0,238
0,237
0,235
0,234
0,233
0,232
0,231
0,230
0,229
0,228
0,224
0,223
0,222
0,221
0,220
0,219
0,218
0,217
0,216
0,215
0,214
0,213
0,212
0,211
0,210
0,209
0,208
0,207
0,206
0,205
0,204
0,203
0,202
0,201
0,200
0,236
0,379
12,4
13,1
13,3
14,1
14,3
0,225
0,308
0,307
0,9
0,10
0,362
0,11
0,8
0,303
0,227
0,364
0,226
0,363
0,360
11,1
11,3
30,1
30,4
29,1
29,3
28,1
28,3
0,199
0,198
0,197
0,196
0,195
0,194
0,193
0,192
0,63
0,62
0,61
0,60
0,59
0,58
0,57
0,56
0,359
0,358
17,1
17,3
0,357
0,55
0,54
0,53
0,52
0,51
0,50
0,49
0,48
0,47
0,46
0,45
0,355
15,1
15,3
2,1
2,3
36,5
0,351
0,246
0,6
19,1
19,3
1,1
1,3
36,4
0,347
6,1
6,4
12,1
12,3
5,1
5,3
16,1
16,3
0,344
9,1
9,3
10,1
10,3
0,340
0,342
0,341
0,339
0,338
0,337
0,336
0,335
0,334
0,332
0,331
36,3
36,2
0,330
36,1
36,0
0,329
0,328
0,324
0,326
0,325
0,323
0,321
0,320
0,319
0,318
0,317
0,315
0,314
35,3
35,2
0,313
35,1
35,0
